00101000000000000000000000000000
00101000010000000000000000000001
00101000100000000000000000000001
00101000110000000000000000110011
00000000000000000001000000000000
00000001110011100111000000000000
00000010000100001000000000000000
00000010010100101001000000000000
00000011100111001110000000000000
00000000010000100010000000000000
00100000010001100000000000000000
00001010100101001010000000000000
00001010110101101011000000000000
00000001110011100111000000000000
00000010000100001000000000000000
00000010010100101001000000000000
00000011100111001110000000000000
00101101110000000000000000000101
01001101110000000000000000000000
00000001110011100111000000000000
00000010000100001000000000000000
00000010010100101001000000000000
01110000000000000000000000000000
